2048 2047
1 2
1 3
1 5
1 9
1 17
1 33
1 65
1 129
1 257
1 513
1 1025
3 4
5 6
5 7
7 8
9 10
9 11
9 13
11 12
13 14
13 15
15 16
17 18
17 19
17 21
17 25
19 20
21 22
21 23
23 24
25 26
25 27
25 29
27 28
29 30
29 31
31 32
33 34
33 35
33 37
33 41
33 49
35 36
37 38
37 39
39 40
41 42
41 43
41 45
43 44
45 46
45 47
47 48
49 50
49 51
49 53
49 57
51 52
53 54
53 55
55 56
57 58
57 59
57 61
59 60
61 62
61 63
63 64
65 66
65 67
65 69
65 73
65 81
65 97
67 68
69 70
69 71
71 72
73 74
73 75
73 77
75 76
77 78
77 79
79 80
81 82
81 83
81 85
81 89
83 84
85 86
85 87
87 88
89 90
89 91
89 93
91 92
93 94
93 95
95 96
97 98
97 99
97 101
97 105
97 113
99 100
101 102
101 103
103 104
105 106
105 107
105 109
107 108
109 110
109 111
111 112
113 114
113 115
113 117
113 121
115 116
117 118
117 119
119 120
121 122
121 123
121 125
123 124
125 126
125 127
127 128
129 130
129 131
129 133
129 137
129 145
129 161
129 193
131 132
133 134
133 135
135 136
137 138
137 139
137 141
139 140
141 142
141 143
143 144
145 146
145 147
145 149
145 153
147 148
149 150
149 151
151 152
153 154
153 155
153 157
155 156
157 158
157 159
159 160
161 162
161 163
161 165
161 169
161 177
163 164
165 166
165 167
167 168
169 170
169 171
169 173
171 172
173 174
173 175
175 176
177 178
177 179
177 181
177 185
179 180
181 182
181 183
183 184
185 186
185 187
185 189
187 188
189 190
189 191
191 192
193 194
193 195
193 197
193 201
193 209
193 225
195 196
197 198
197 199
199 200
201 202
201 203
201 205
203 204
205 206
205 207
207 208
209 210
209 211
209 213
209 217
211 212
213 214
213 215
215 216
217 218
217 219
217 221
219 220
221 222
221 223
223 224
225 226
225 227
225 229
225 233
225 241
227 228
229 230
229 231
231 232
233 234
233 235
233 237
235 236
237 238
237 239
239 240
241 242
241 243
241 245
241 249
243 244
245 246
245 247
247 248
249 250
249 251
249 253
251 252
253 254
253 255
255 256
257 258
257 259
257 261
257 265
257 273
257 289
257 321
257 385
259 260
261 262
261 263
263 264
265 266
265 267
265 269
267 268
269 270
269 271
271 272
273 274
273 275
273 277
273 281
275 276
277 278
277 279
279 280
281 282
281 283
281 285
283 284
285 286
285 287
287 288
289 290
289 291
289 293
289 297
289 305
291 292
293 294
293 295
295 296
297 298
297 299
297 301
299 300
301 302
301 303
303 304
305 306
305 307
305 309
305 313
307 308
309 310
309 311
311 312
313 314
313 315
313 317
315 316
317 318
317 319
319 320
321 322
321 323
321 325
321 329
321 337
321 353
323 324
325 326
325 327
327 328
329 330
329 331
329 333
331 332
333 334
333 335
335 336
337 338
337 339
337 341
337 345
339 340
341 342
341 343
343 344
345 346
345 347
345 349
347 348
349 350
349 351
351 352
353 354
353 355
353 357
353 361
353 369
355 356
357 358
357 359
359 360
361 362
361 363
361 365
363 364
365 366
365 367
367 368
369 370
369 371
369 373
369 377
371 372
373 374
373 375
375 376
377 378
377 379
377 381
379 380
381 382
381 383
383 384
385 386
385 387
385 389
385 393
385 401
385 417
385 449
387 388
389 390
389 391
391 392
393 394
393 395
393 397
395 396
397 398
397 399
399 400
401 402
401 403
401 405
401 409
403 404
405 406
405 407
407 408
409 410
409 411
409 413
411 412
413 414
413 415
415 416
417 418
417 419
417 421
417 425
417 433
419 420
421 422
421 423
423 424
425 426
425 427
425 429
427 428
429 430
429 431
431 432
433 434
433 435
433 437
433 441
435 436
437 438
437 439
439 440
441 442
441 443
441 445
443 444
445 446
445 447
447 448
449 450
449 451
449 453
449 457
449 465
449 481
451 452
453 454
453 455
455 456
457 458
457 459
457 461
459 460
461 462
461 463
463 464
465 466
465 467
465 469
465 473
467 468
469 470
469 471
471 472
473 474
473 475
473 477
475 476
477 478
477 479
479 480
481 482
481 483
481 485
481 489
481 497
483 484
485 486
485 487
487 488
489 490
489 491
489 493
491 492
493 494
493 495
495 496
497 498
497 499
497 501
497 505
499 500
501 502
501 503
503 504
505 506
505 507
505 509
507 508
509 510
509 511
511 512
513 514
513 515
513 517
513 521
513 529
513 545
513 577
513 641
513 769
515 516
517 518
517 519
519 520
521 522
521 523
521 525
523 524
525 526
525 527
527 528
529 530
529 531
529 533
529 537
531 532
533 534
533 535
535 536
537 538
537 539
537 541
539 540
541 542
541 543
543 544
545 546
545 547
545 549
545 553
545 561
547 548
549 550
549 551
551 552
553 554
553 555
553 557
555 556
557 558
557 559
559 560
561 562
561 563
561 565
561 569
563 564
565 566
565 567
567 568
569 570
569 571
569 573
571 572
573 574
573 575
575 576
577 578
577 579
577 581
577 585
577 593
577 609
579 580
581 582
581 583
583 584
585 586
585 587
585 589
587 588
589 590
589 591
591 592
593 594
593 595
593 597
593 601
595 596
597 598
597 599
599 600
601 602
601 603
601 605
603 604
605 606
605 607
607 608
609 610
609 611
609 613
609 617
609 625
611 612
613 614
613 615
615 616
617 618
617 619
617 621
619 620
621 622
621 623
623 624
625 626
625 627
625 629
625 633
627 628
629 630
629 631
631 632
633 634
633 635
633 637
635 636
637 638
637 639
639 640
641 642
641 643
641 645
641 649
641 657
641 673
641 705
643 644
645 646
645 647
647 648
649 650
649 651
649 653
651 652
653 654
653 655
655 656
657 658
657 659
657 661
657 665
659 660
661 662
661 663
663 664
665 666
665 667
665 669
667 668
669 670
669 671
671 672
673 674
673 675
673 677
673 681
673 689
675 676
677 678
677 679
679 680
681 682
681 683
681 685
683 684
685 686
685 687
687 688
689 690
689 691
689 693
689 697
691 692
693 694
693 695
695 696
697 698
697 699
697 701
699 700
701 702
701 703
703 704
705 706
705 707
705 709
705 713
705 721
705 737
707 708
709 710
709 711
711 712
713 714
713 715
713 717
715 716
717 718
717 719
719 720
721 722
721 723
721 725
721 729
723 724
725 726
725 727
727 728
729 730
729 731
729 733
731 732
733 734
733 735
735 736
737 738
737 739
737 741
737 745
737 753
739 740
741 742
741 743
743 744
745 746
745 747
745 749
747 748
749 750
749 751
751 752
753 754
753 755
753 757
753 761
755 756
757 758
757 759
759 760
761 762
761 763
761 765
763 764
765 766
765 767
767 768
769 770
769 771
769 773
769 777
769 785
769 801
769 833
769 897
771 772
773 774
773 775
775 776
777 778
777 779
777 781
779 780
781 782
781 783
783 784
785 786
785 787
785 789
785 793
787 788
789 790
789 791
791 792
793 794
793 795
793 797
795 796
797 798
797 799
799 800
801 802
801 803
801 805
801 809
801 817
803 804
805 806
805 807
807 808
809 810
809 811
809 813
811 812
813 814
813 815
815 816
817 818
817 819
817 821
817 825
819 820
821 822
821 823
823 824
825 826
825 827
825 829
827 828
829 830
829 831
831 832
833 834
833 835
833 837
833 841
833 849
833 865
835 836
837 838
837 839
839 840
841 842
841 843
841 845
843 844
845 846
845 847
847 848
849 850
849 851
849 853
849 857
851 852
853 854
853 855
855 856
857 858
857 859
857 861
859 860
861 862
861 863
863 864
865 866
865 867
865 869
865 873
865 881
867 868
869 870
869 871
871 872
873 874
873 875
873 877
875 876
877 878
877 879
879 880
881 882
881 883
881 885
881 889
883 884
885 886
885 887
887 888
889 890
889 891
889 893
891 892
893 894
893 895
895 896
897 898
897 899
897 901
897 905
897 913
897 929
897 961
899 900
901 902
901 903
903 904
905 906
905 907
905 909
907 908
909 910
909 911
911 912
913 914
913 915
913 917
913 921
915 916
917 918
917 919
919 920
921 922
921 923
921 925
923 924
925 926
925 927
927 928
929 930
929 931
929 933
929 937
929 945
931 932
933 934
933 935
935 936
937 938
937 939
937 941
939 940
941 942
941 943
943 944
945 946
945 947
945 949
945 953
947 948
949 950
949 951
951 952
953 954
953 955
953 957
955 956
957 958
957 959
959 960
961 962
961 963
961 965
961 969
961 977
961 993
963 964
965 966
965 967
967 968
969 970
969 971
969 973
971 972
973 974
973 975
975 976
977 978
977 979
977 981
977 985
979 980
981 982
981 983
983 984
985 986
985 987
985 989
987 988
989 990
989 991
991 992
993 994
993 995
993 997
993 1001
993 1009
995 996
997 998
997 999
999 1000
1001 1002
1001 1003
1001 1005
1003 1004
1005 1006
1005 1007
1007 1008
1009 1010
1009 1011
1009 1013
1009 1017
1011 1012
1013 1014
1013 1015
1015 1016
1017 1018
1017 1019
1017 1021
1019 1020
1021 1022
1021 1023
1023 1024
1025 1026
1025 1027
1025 1029
1025 1033
1025 1041
1025 1057
1025 1089
1025 1153
1025 1281
1025 1537
1027 1028
1029 1030
1029 1031
1031 1032
1033 1034
1033 1035
1033 1037
1035 1036
1037 1038
1037 1039
1039 1040
1041 1042
1041 1043
1041 1045
1041 1049
1043 1044
1045 1046
1045 1047
1047 1048
1049 1050
1049 1051
1049 1053
1051 1052
1053 1054
1053 1055
1055 1056
1057 1058
1057 1059
1057 1061
1057 1065
1057 1073
1059 1060
1061 1062
1061 1063
1063 1064
1065 1066
1065 1067
1065 1069
1067 1068
1069 1070
1069 1071
1071 1072
1073 1074
1073 1075
1073 1077
1073 1081
1075 1076
1077 1078
1077 1079
1079 1080
1081 1082
1081 1083
1081 1085
1083 1084
1085 1086
1085 1087
1087 1088
1089 1090
1089 1091
1089 1093
1089 1097
1089 1105
1089 1121
1091 1092
1093 1094
1093 1095
1095 1096
1097 1098
1097 1099
1097 1101
1099 1100
1101 1102
1101 1103
1103 1104
1105 1106
1105 1107
1105 1109
1105 1113
1107 1108
1109 1110
1109 1111
1111 1112
1113 1114
1113 1115
1113 1117
1115 1116
1117 1118
1117 1119
1119 1120
1121 1122
1121 1123
1121 1125
1121 1129
1121 1137
1123 1124
1125 1126
1125 1127
1127 1128
1129 1130
1129 1131
1129 1133
1131 1132
1133 1134
1133 1135
1135 1136
1137 1138
1137 1139
1137 1141
1137 1145
1139 1140
1141 1142
1141 1143
1143 1144
1145 1146
1145 1147
1145 1149
1147 1148
1149 1150
1149 1151
1151 1152
1153 1154
1153 1155
1153 1157
1153 1161
1153 1169
1153 1185
1153 1217
1155 1156
1157 1158
1157 1159
1159 1160
1161 1162
1161 1163
1161 1165
1163 1164
1165 1166
1165 1167
1167 1168
1169 1170
1169 1171
1169 1173
1169 1177
1171 1172
1173 1174
1173 1175
1175 1176
1177 1178
1177 1179
1177 1181
1179 1180
1181 1182
1181 1183
1183 1184
1185 1186
1185 1187
1185 1189
1185 1193
1185 1201
1187 1188
1189 1190
1189 1191
1191 1192
1193 1194
1193 1195
1193 1197
1195 1196
1197 1198
1197 1199
1199 1200
1201 1202
1201 1203
1201 1205
1201 1209
1203 1204
1205 1206
1205 1207
1207 1208
1209 1210
1209 1211
1209 1213
1211 1212
1213 1214
1213 1215
1215 1216
1217 1218
1217 1219
1217 1221
1217 1225
1217 1233
1217 1249
1219 1220
1221 1222
1221 1223
1223 1224
1225 1226
1225 1227
1225 1229
1227 1228
1229 1230
1229 1231
1231 1232
1233 1234
1233 1235
1233 1237
1233 1241
1235 1236
1237 1238
1237 1239
1239 1240
1241 1242
1241 1243
1241 1245
1243 1244
1245 1246
1245 1247
1247 1248
1249 1250
1249 1251
1249 1253
1249 1257
1249 1265
1251 1252
1253 1254
1253 1255
1255 1256
1257 1258
1257 1259
1257 1261
1259 1260
1261 1262
1261 1263
1263 1264
1265 1266
1265 1267
1265 1269
1265 1273
1267 1268
1269 1270
1269 1271
1271 1272
1273 1274
1273 1275
1273 1277
1275 1276
1277 1278
1277 1279
1279 1280
1281 1282
1281 1283
1281 1285
1281 1289
1281 1297
1281 1313
1281 1345
1281 1409
1283 1284
1285 1286
1285 1287
1287 1288
1289 1290
1289 1291
1289 1293
1291 1292
1293 1294
1293 1295
1295 1296
1297 1298
1297 1299
1297 1301
1297 1305
1299 1300
1301 1302
1301 1303
1303 1304
1305 1306
1305 1307
1305 1309
1307 1308
1309 1310
1309 1311
1311 1312
1313 1314
1313 1315
1313 1317
1313 1321
1313 1329
1315 1316
1317 1318
1317 1319
1319 1320
1321 1322
1321 1323
1321 1325
1323 1324
1325 1326
1325 1327
1327 1328
1329 1330
1329 1331
1329 1333
1329 1337
1331 1332
1333 1334
1333 1335
1335 1336
1337 1338
1337 1339
1337 1341
1339 1340
1341 1342
1341 1343
1343 1344
1345 1346
1345 1347
1345 1349
1345 1353
1345 1361
1345 1377
1347 1348
1349 1350
1349 1351
1351 1352
1353 1354
1353 1355
1353 1357
1355 1356
1357 1358
1357 1359
1359 1360
1361 1362
1361 1363
1361 1365
1361 1369
1363 1364
1365 1366
1365 1367
1367 1368
1369 1370
1369 1371
1369 1373
1371 1372
1373 1374
1373 1375
1375 1376
1377 1378
1377 1379
1377 1381
1377 1385
1377 1393
1379 1380
1381 1382
1381 1383
1383 1384
1385 1386
1385 1387
1385 1389
1387 1388
1389 1390
1389 1391
1391 1392
1393 1394
1393 1395
1393 1397
1393 1401
1395 1396
1397 1398
1397 1399
1399 1400
1401 1402
1401 1403
1401 1405
1403 1404
1405 1406
1405 1407
1407 1408
1409 1410
1409 1411
1409 1413
1409 1417
1409 1425
1409 1441
1409 1473
1411 1412
1413 1414
1413 1415
1415 1416
1417 1418
1417 1419
1417 1421
1419 1420
1421 1422
1421 1423
1423 1424
1425 1426
1425 1427
1425 1429
1425 1433
1427 1428
1429 1430
1429 1431
1431 1432
1433 1434
1433 1435
1433 1437
1435 1436
1437 1438
1437 1439
1439 1440
1441 1442
1441 1443
1441 1445
1441 1449
1441 1457
1443 1444
1445 1446
1445 1447
1447 1448
1449 1450
1449 1451
1449 1453
1451 1452
1453 1454
1453 1455
1455 1456
1457 1458
1457 1459
1457 1461
1457 1465
1459 1460
1461 1462
1461 1463
1463 1464
1465 1466
1465 1467
1465 1469
1467 1468
1469 1470
1469 1471
1471 1472
1473 1474
1473 1475
1473 1477
1473 1481
1473 1489
1473 1505
1475 1476
1477 1478
1477 1479
1479 1480
1481 1482
1481 1483
1481 1485
1483 1484
1485 1486
1485 1487
1487 1488
1489 1490
1489 1491
1489 1493
1489 1497
1491 1492
1493 1494
1493 1495
1495 1496
1497 1498
1497 1499
1497 1501
1499 1500
1501 1502
1501 1503
1503 1504
1505 1506
1505 1507
1505 1509
1505 1513
1505 1521
1507 1508
1509 1510
1509 1511
1511 1512
1513 1514
1513 1515
1513 1517
1515 1516
1517 1518
1517 1519
1519 1520
1521 1522
1521 1523
1521 1525
1521 1529
1523 1524
1525 1526
1525 1527
1527 1528
1529 1530
1529 1531
1529 1533
1531 1532
1533 1534
1533 1535
1535 1536
1537 1538
1537 1539
1537 1541
1537 1545
1537 1553
1537 1569
1537 1601
1537 1665
1537 1793
1539 1540
1541 1542
1541 1543
1543 1544
1545 1546
1545 1547
1545 1549
1547 1548
1549 1550
1549 1551
1551 1552
1553 1554
1553 1555
1553 1557
1553 1561
1555 1556
1557 1558
1557 1559
1559 1560
1561 1562
1561 1563
1561 1565
1563 1564
1565 1566
1565 1567
1567 1568
1569 1570
1569 1571
1569 1573
1569 1577
1569 1585
1571 1572
1573 1574
1573 1575
1575 1576
1577 1578
1577 1579
1577 1581
1579 1580
1581 1582
1581 1583
1583 1584
1585 1586
1585 1587
1585 1589
1585 1593
1587 1588
1589 1590
1589 1591
1591 1592
1593 1594
1593 1595
1593 1597
1595 1596
1597 1598
1597 1599
1599 1600
1601 1602
1601 1603
1601 1605
1601 1609
1601 1617
1601 1633
1603 1604
1605 1606
1605 1607
1607 1608
1609 1610
1609 1611
1609 1613
1611 1612
1613 1614
1613 1615
1615 1616
1617 1618
1617 1619
1617 1621
1617 1625
1619 1620
1621 1622
1621 1623
1623 1624
1625 1626
1625 1627
1625 1629
1627 1628
1629 1630
1629 1631
1631 1632
1633 1634
1633 1635
1633 1637
1633 1641
1633 1649
1635 1636
1637 1638
1637 1639
1639 1640
1641 1642
1641 1643
1641 1645
1643 1644
1645 1646
1645 1647
1647 1648
1649 1650
1649 1651
1649 1653
1649 1657
1651 1652
1653 1654
1653 1655
1655 1656
1657 1658
1657 1659
1657 1661
1659 1660
1661 1662
1661 1663
1663 1664
1665 1666
1665 1667
1665 1669
1665 1673
1665 1681
1665 1697
1665 1729
1667 1668
1669 1670
1669 1671
1671 1672
1673 1674
1673 1675
1673 1677
1675 1676
1677 1678
1677 1679
1679 1680
1681 1682
1681 1683
1681 1685
1681 1689
1683 1684
1685 1686
1685 1687
1687 1688
1689 1690
1689 1691
1689 1693
1691 1692
1693 1694
1693 1695
1695 1696
1697 1698
1697 1699
1697 1701
1697 1705
1697 1713
1699 1700
1701 1702
1701 1703
1703 1704
1705 1706
1705 1707
1705 1709
1707 1708
1709 1710
1709 1711
1711 1712
1713 1714
1713 1715
1713 1717
1713 1721
1715 1716
1717 1718
1717 1719
1719 1720
1721 1722
1721 1723
1721 1725
1723 1724
1725 1726
1725 1727
1727 1728
1729 1730
1729 1731
1729 1733
1729 1737
1729 1745
1729 1761
1731 1732
1733 1734
1733 1735
1735 1736
1737 1738
1737 1739
1737 1741
1739 1740
1741 1742
1741 1743
1743 1744
1745 1746
1745 1747
1745 1749
1745 1753
1747 1748
1749 1750
1749 1751
1751 1752
1753 1754
1753 1755
1753 1757
1755 1756
1757 1758
1757 1759
1759 1760
1761 1762
1761 1763
1761 1765
1761 1769
1761 1777
1763 1764
1765 1766
1765 1767
1767 1768
1769 1770
1769 1771
1769 1773
1771 1772
1773 1774
1773 1775
1775 1776
1777 1778
1777 1779
1777 1781
1777 1785
1779 1780
1781 1782
1781 1783
1783 1784
1785 1786
1785 1787
1785 1789
1787 1788
1789 1790
1789 1791
1791 1792
1793 1794
1793 1795
1793 1797
1793 1801
1793 1809
1793 1825
1793 1857
1793 1921
1795 1796
1797 1798
1797 1799
1799 1800
1801 1802
1801 1803
1801 1805
1803 1804
1805 1806
1805 1807
1807 1808
1809 1810
1809 1811
1809 1813
1809 1817
1811 1812
1813 1814
1813 1815
1815 1816
1817 1818
1817 1819
1817 1821
1819 1820
1821 1822
1821 1823
1823 1824
1825 1826
1825 1827
1825 1829
1825 1833
1825 1841
1827 1828
1829 1830
1829 1831
1831 1832
1833 1834
1833 1835
1833 1837
1835 1836
1837 1838
1837 1839
1839 1840
1841 1842
1841 1843
1841 1845
1841 1849
1843 1844
1845 1846
1845 1847
1847 1848
1849 1850
1849 1851
1849 1853
1851 1852
1853 1854
1853 1855
1855 1856
1857 1858
1857 1859
1857 1861
1857 1865
1857 1873
1857 1889
1859 1860
1861 1862
1861 1863
1863 1864
1865 1866
1865 1867
1865 1869
1867 1868
1869 1870
1869 1871
1871 1872
1873 1874
1873 1875
1873 1877
1873 1881
1875 1876
1877 1878
1877 1879
1879 1880
1881 1882
1881 1883
1881 1885
1883 1884
1885 1886
1885 1887
1887 1888
1889 1890
1889 1891
1889 1893
1889 1897
1889 1905
1891 1892
1893 1894
1893 1895
1895 1896
1897 1898
1897 1899
1897 1901
1899 1900
1901 1902
1901 1903
1903 1904
1905 1906
1905 1907
1905 1909
1905 1913
1907 1908
1909 1910
1909 1911
1911 1912
1913 1914
1913 1915
1913 1917
1915 1916
1917 1918
1917 1919
1919 1920
1921 1922
1921 1923
1921 1925
1921 1929
1921 1937
1921 1953
1921 1985
1923 1924
1925 1926
1925 1927
1927 1928
1929 1930
1929 1931
1929 1933
1931 1932
1933 1934
1933 1935
1935 1936
1937 1938
1937 1939
1937 1941
1937 1945
1939 1940
1941 1942
1941 1943
1943 1944
1945 1946
1945 1947
1945 1949
1947 1948
1949 1950
1949 1951
1951 1952
1953 1954
1953 1955
1953 1957
1953 1961
1953 1969
1955 1956
1957 1958
1957 1959
1959 1960
1961 1962
1961 1963
1961 1965
1963 1964
1965 1966
1965 1967
1967 1968
1969 1970
1969 1971
1969 1973
1969 1977
1971 1972
1973 1974
1973 1975
1975 1976
1977 1978
1977 1979
1977 1981
1979 1980
1981 1982
1981 1983
1983 1984
1985 1986
1985 1987
1985 1989
1985 1993
1985 2001
1985 2017
1987 1988
1989 1990
1989 1991
1991 1992
1993 1994
1993 1995
1993 1997
1995 1996
1997 1998
1997 1999
1999 2000
2001 2002
2001 2003
2001 2005
2001 2009
2003 2004
2005 2006
2005 2007
2007 2008
2009 2010
2009 2011
2009 2013
2011 2012
2013 2014
2013 2015
2015 2016
2017 2018
2017 2019
2017 2021
2017 2025
2017 2033
2019 2020
2021 2022
2021 2023
2023 2024
2025 2026
2025 2027
2025 2029
2027 2028
2029 2030
2029 2031
2031 2032
2033 2034
2033 2035
2033 2037
2033 2041
2035 2036
2037 2038
2037 2039
2039 2040
2041 2042
2041 2043
2041 2045
2043 2044
2045 2046
2045 2047
2047 2048
