128 127
1 2
1 3
1 5
1 9
1 17
1 33
1 65
3 4
5 6
5 7
7 8
9 10
9 11
9 13
11 12
13 14
13 15
15 16
17 18
17 19
17 21
17 25
19 20
21 22
21 23
23 24
25 26
25 27
25 29
27 28
29 30
29 31
31 32
33 34
33 35
33 37
33 41
33 49
35 36
37 38
37 39
39 40
41 42
41 43
41 45
43 44
45 46
45 47
47 48
49 50
49 51
49 53
49 57
51 52
53 54
53 55
55 56
57 58
57 59
57 61
59 60
61 62
61 63
63 64
65 66
65 67
65 69
65 73
65 81
65 97
67 68
69 70
69 71
71 72
73 74
73 75
73 77
75 76
77 78
77 79
79 80
81 82
81 83
81 85
81 89
83 84
85 86
85 87
87 88
89 90
89 91
89 93
91 92
93 94
93 95
95 96
97 98
97 99
97 101
97 105
97 113
99 100
101 102
101 103
103 104
105 106
105 107
105 109
107 108
109 110
109 111
111 112
113 114
113 115
113 117
113 121
115 116
117 118
117 119
119 120
121 122
121 123
121 125
123 124
125 126
125 127
127 128
