256 255
1 2
1 3
1 5
1 9
1 17
1 33
1 65
1 129
3 4
5 6
5 7
7 8
9 10
9 11
9 13
11 12
13 14
13 15
15 16
17 18
17 19
17 21
17 25
19 20
21 22
21 23
23 24
25 26
25 27
25 29
27 28
29 30
29 31
31 32
33 34
33 35
33 37
33 41
33 49
35 36
37 38
37 39
39 40
41 42
41 43
41 45
43 44
45 46
45 47
47 48
49 50
49 51
49 53
49 57
51 52
53 54
53 55
55 56
57 58
57 59
57 61
59 60
61 62
61 63
63 64
65 66
65 67
65 69
65 73
65 81
65 97
67 68
69 70
69 71
71 72
73 74
73 75
73 77
75 76
77 78
77 79
79 80
81 82
81 83
81 85
81 89
83 84
85 86
85 87
87 88
89 90
89 91
89 93
91 92
93 94
93 95
95 96
97 98
97 99
97 101
97 105
97 113
99 100
101 102
101 103
103 104
105 106
105 107
105 109
107 108
109 110
109 111
111 112
113 114
113 115
113 117
113 121
115 116
117 118
117 119
119 120
121 122
121 123
121 125
123 124
125 126
125 127
127 128
129 130
129 131
129 133
129 137
129 145
129 161
129 193
131 132
133 134
133 135
135 136
137 138
137 139
137 141
139 140
141 142
141 143
143 144
145 146
145 147
145 149
145 153
147 148
149 150
149 151
151 152
153 154
153 155
153 157
155 156
157 158
157 159
159 160
161 162
161 163
161 165
161 169
161 177
163 164
165 166
165 167
167 168
169 170
169 171
169 173
171 172
173 174
173 175
175 176
177 178
177 179
177 181
177 185
179 180
181 182
181 183
183 184
185 186
185 187
185 189
187 188
189 190
189 191
191 192
193 194
193 195
193 197
193 201
193 209
193 225
195 196
197 198
197 199
199 200
201 202
201 203
201 205
203 204
205 206
205 207
207 208
209 210
209 211
209 213
209 217
211 212
213 214
213 215
215 216
217 218
217 219
217 221
219 220
221 222
221 223
223 224
225 226
225 227
225 229
225 233
225 241
227 228
229 230
229 231
231 232
233 234
233 235
233 237
235 236
237 238
237 239
239 240
241 242
241 243
241 245
241 249
243 244
245 246
245 247
247 248
249 250
249 251
249 253
251 252
253 254
253 255
255 256
