512 511
1 2
1 3
1 5
1 9
1 17
1 33
1 65
1 129
1 257
3 4
5 6
5 7
7 8
9 10
9 11
9 13
11 12
13 14
13 15
15 16
17 18
17 19
17 21
17 25
19 20
21 22
21 23
23 24
25 26
25 27
25 29
27 28
29 30
29 31
31 32
33 34
33 35
33 37
33 41
33 49
35 36
37 38
37 39
39 40
41 42
41 43
41 45
43 44
45 46
45 47
47 48
49 50
49 51
49 53
49 57
51 52
53 54
53 55
55 56
57 58
57 59
57 61
59 60
61 62
61 63
63 64
65 66
65 67
65 69
65 73
65 81
65 97
67 68
69 70
69 71
71 72
73 74
73 75
73 77
75 76
77 78
77 79
79 80
81 82
81 83
81 85
81 89
83 84
85 86
85 87
87 88
89 90
89 91
89 93
91 92
93 94
93 95
95 96
97 98
97 99
97 101
97 105
97 113
99 100
101 102
101 103
103 104
105 106
105 107
105 109
107 108
109 110
109 111
111 112
113 114
113 115
113 117
113 121
115 116
117 118
117 119
119 120
121 122
121 123
121 125
123 124
125 126
125 127
127 128
129 130
129 131
129 133
129 137
129 145
129 161
129 193
131 132
133 134
133 135
135 136
137 138
137 139
137 141
139 140
141 142
141 143
143 144
145 146
145 147
145 149
145 153
147 148
149 150
149 151
151 152
153 154
153 155
153 157
155 156
157 158
157 159
159 160
161 162
161 163
161 165
161 169
161 177
163 164
165 166
165 167
167 168
169 170
169 171
169 173
171 172
173 174
173 175
175 176
177 178
177 179
177 181
177 185
179 180
181 182
181 183
183 184
185 186
185 187
185 189
187 188
189 190
189 191
191 192
193 194
193 195
193 197
193 201
193 209
193 225
195 196
197 198
197 199
199 200
201 202
201 203
201 205
203 204
205 206
205 207
207 208
209 210
209 211
209 213
209 217
211 212
213 214
213 215
215 216
217 218
217 219
217 221
219 220
221 222
221 223
223 224
225 226
225 227
225 229
225 233
225 241
227 228
229 230
229 231
231 232
233 234
233 235
233 237
235 236
237 238
237 239
239 240
241 242
241 243
241 245
241 249
243 244
245 246
245 247
247 248
249 250
249 251
249 253
251 252
253 254
253 255
255 256
257 258
257 259
257 261
257 265
257 273
257 289
257 321
257 385
259 260
261 262
261 263
263 264
265 266
265 267
265 269
267 268
269 270
269 271
271 272
273 274
273 275
273 277
273 281
275 276
277 278
277 279
279 280
281 282
281 283
281 285
283 284
285 286
285 287
287 288
289 290
289 291
289 293
289 297
289 305
291 292
293 294
293 295
295 296
297 298
297 299
297 301
299 300
301 302
301 303
303 304
305 306
305 307
305 309
305 313
307 308
309 310
309 311
311 312
313 314
313 315
313 317
315 316
317 318
317 319
319 320
321 322
321 323
321 325
321 329
321 337
321 353
323 324
325 326
325 327
327 328
329 330
329 331
329 333
331 332
333 334
333 335
335 336
337 338
337 339
337 341
337 345
339 340
341 342
341 343
343 344
345 346
345 347
345 349
347 348
349 350
349 351
351 352
353 354
353 355
353 357
353 361
353 369
355 356
357 358
357 359
359 360
361 362
361 363
361 365
363 364
365 366
365 367
367 368
369 370
369 371
369 373
369 377
371 372
373 374
373 375
375 376
377 378
377 379
377 381
379 380
381 382
381 383
383 384
385 386
385 387
385 389
385 393
385 401
385 417
385 449
387 388
389 390
389 391
391 392
393 394
393 395
393 397
395 396
397 398
397 399
399 400
401 402
401 403
401 405
401 409
403 404
405 406
405 407
407 408
409 410
409 411
409 413
411 412
413 414
413 415
415 416
417 418
417 419
417 421
417 425
417 433
419 420
421 422
421 423
423 424
425 426
425 427
425 429
427 428
429 430
429 431
431 432
433 434
433 435
433 437
433 441
435 436
437 438
437 439
439 440
441 442
441 443
441 445
443 444
445 446
445 447
447 448
449 450
449 451
449 453
449 457
449 465
449 481
451 452
453 454
453 455
455 456
457 458
457 459
457 461
459 460
461 462
461 463
463 464
465 466
465 467
465 469
465 473
467 468
469 470
469 471
471 472
473 474
473 475
473 477
475 476
477 478
477 479
479 480
481 482
481 483
481 485
481 489
481 497
483 484
485 486
485 487
487 488
489 490
489 491
489 493
491 492
493 494
493 495
495 496
497 498
497 499
497 501
497 505
499 500
501 502
501 503
503 504
505 506
505 507
505 509
507 508
509 510
509 511
511 512
