76 90
1 2
1 6
2 3
3 4
4 5
5 6
6 7
6 11
7 8
8 9
9 10
9 12
9 16
10 11
12 13
13 14
14 15
14 17
14 21
15 16
17 18
18 19
19 20
19 22
19 26
20 21
22 23
23 24
24 25
24 27
24 31
25 26
27 28
28 29
29 30
29 32
29 36
30 31
32 33
33 34
34 35
34 37
34 41
35 36
37 38
38 39
39 40
39 42
39 46
40 41
42 43
43 44
44 45
44 47
44 51
45 46
47 48
48 49
49 50
49 52
49 56
50 51
52 53
53 54
54 55
54 57
54 61
55 56
57 58
58 59
59 60
59 62
59 66
60 61
62 63
63 64
64 65
64 67
64 71
65 66
67 68
68 69
69 70
69 72
69 76
70 71
72 73
73 74
74 75
75 76
